 0.000  5.358  8.838 11.420 14.833 19.446 17.042 13.501 17.224 20.016 23.051 25.955 24.131 29.427 26.765 32.075 29.397 25.090 26.886 27.341 23.011 21.276 24.014 22.593 17.669 18.158 21.802 18.196 14.535 19.229 20.054 16.066 15.568 11.966 14.941 19.191 22.603 21.900 16.898 21.007 23.670 18.962 18.299 23.534 23.090 18.865 22.290 26.129 23.164 21.225 23.723 18.278 22.675 18.472 22.791 22.607 23.272 18.374 19.492 14.224 17.371 13.320 15.676 18.798 17.303 21.004 18.034 14.850 17.863 17.630 12.002 14.137  9.874  5.247  7.254  9.641 14.554 14.781 18.915 21.520 24.441 27.432 30.476 27.318 25.768 29.298 23.602 26.777 30.677 32.618 34.735 31.832 28.066 27.806 22.396 24.004 18.737 19.139 13.494 13.961 10.261 10.380  8.314 10.845 12.799 13.195  7.507 10.707 11.466  6.981  6.741 11.619 10.645  7.432 11.157 14.248 13.548 12.787 16.301 18.925 21.433 25.140 25.492 20.056 21.407 25.844 23.743 19.680 23.895 27.164 23.839 27.568 24.659 20.800 22.594 22.651 18.078 16.753 19.734 18.600 13.541 15.053 13.942  9.819 10.331 
 5.358  0.000  5.684  6.707 10.279 14.641 12.576  8.499 11.925 14.767 17.720 20.666 19.029 24.423 22.228 27.721 25.566 21.594 23.547 23.188 18.776 17.909 20.367 18.101 13.522 14.696 17.900 13.675 11.180 16.215 16.173 12.499 13.180  9.420 13.145 18.079 20.445 20.784 15.316 18.279 21.830 17.914 15.901 21.128 21.898 17.730 20.067 24.591 22.602 20.654 21.878 16.113 20.048 16.316 20.304 19.890 19.520 15.136 16.141 11.715 14.369 11.915 14.731 18.791 18.823 21.709 17.888 16.434 19.135 17.247 12.226 13.661  9.588  6.274  4.104  4.919  9.757  9.538 13.958 16.385 19.662 22.421 25.631 22.835 21.512 25.632 20.304 24.012 28.325 29.866 31.310 28.560 25.105 23.956 18.530 19.561 14.395 14.806  9.315 10.164  7.983  8.457  8.825 12.896 15.541 15.598 10.312 10.909 13.343 10.006  6.301 11.045 11.862  7.404  8.718 13.319 13.353 10.575 13.476 17.505 19.058 22.316 22.285 16.828 17.835 21.919 19.592 15.231 19.374 22.396 18.992 22.407 19.836 15.842 18.242 18.172 13.185 12.552 16.103 14.701  9.609 12.461 12.409  7.941 11.373 
 8.838  5.684  0.000  5.545  6.650 11.208  9.079  7.329 10.824 14.781 17.234 20.849 19.904 25.461 24.204 29.838 28.378 25.126 26.545 25.276 21.380 21.075 22.344 19.384 15.887 16.560 18.446 13.722 12.462 16.282 14.811 10.637 11.582  9.867 14.515 18.802 21.079 22.587 17.530 20.184 24.412 21.216 19.299 24.393 25.695 22.193 24.270 28.849 27.383 25.864 26.749 20.952 24.696 21.325 24.968 24.108 22.998 19.406 20.344 16.724 18.366 16.661 18.763 22.893 23.121 25.350 21.018 19.661 21.092 19.198 14.491 13.519  9.072  8.978  6.653  8.523 10.981 10.907 15.650 17.491 21.726 23.606 27.329 25.382 24.364 29.178 24.367 28.444 32.951 34.249 35.072 32.467 29.406 27.388 22.142 22.173 17.448 17.862 13.222 13.667 12.734 11.072 13.347 16.085 19.560 20.563 14.790 16.168 18.842 15.117 11.944 16.684 17.205 12.304 13.649 18.435 17.683 14.010 17.330 21.446 21.887 25.539 24.401 19.137 20.912 24.080 20.698 16.999 21.462 23.440 19.004 21.480 18.370 13.509 15.839 17.375 12.832 10.580 15.111 15.492 10.895 11.987 13.807 10.763 14.344 
11.420  6.707  5.545  0.000  4.686  9.006  9.274  6.464  6.824 11.738 12.814 16.608 16.432 21.865 21.240 26.877 25.907 22.623 24.936 23.112 18.753 19.679 21.429 17.592 14.437 16.532 18.314 13.105 13.443 17.800 15.754 12.625 14.825 12.488 16.805 21.679 22.953 24.671 19.263 20.751 25.222 22.382 19.221 24.015 26.061 22.144 23.131 28.213 27.174 25.070 24.878 19.241 21.815 18.350 21.363 19.896 18.436 15.603 17.416 14.733 16.987 16.608 19.578 24.070 24.960 27.298 22.993 22.518 24.639 21.892 17.593 17.533 13.646 12.400  8.858  7.443  9.679  6.765 12.463 12.839 17.661 18.755 22.890 21.093 20.880 25.721 21.327 25.437 30.129 30.727 31.123 28.242 25.874 23.196 18.422 17.463 13.005 14.710 10.304 12.394 12.624 13.051 15.054 19.207 22.130 22.007 16.986 16.662 19.218 16.009 12.043 15.467 16.357 11.259 10.977 15.879 15.256 10.432 13.148 17.698 17.280 20.661 19.188 14.104 15.952 18.695 15.178 11.624 16.290 18.057 13.598 16.644 13.485  9.411 11.590 12.139  7.421  6.072 10.449 10.165  5.936  8.467 10.721  8.178 13.330 
14.833 10.279  6.650  4.686  0.000  4.840  5.761  5.963  5.829 10.977 11.826 15.910 16.167 21.509 21.651 27.222 26.858 24.375 26.018 23.456 19.819 21.095 21.720 17.456 15.486 17.049 17.597 12.315 13.916 17.063 13.828 11.011 13.710 12.916 17.375 21.679 22.501 25.178 20.205 21.151 26.084 24.003 20.868 25.374 27.928 24.673 25.377 30.412 29.956 28.353 27.855 22.301 24.879 22.150 24.899 23.490 21.215 19.076 20.192 18.243 19.275 19.516 21.845 26.397 27.707 29.358 24.646 24.629 25.875 22.807 19.098 17.637 14.240 14.769 11.040 10.415 10.387  8.678 13.286 13.522 18.632 19.187 23.399 22.452 22.258 27.609 23.795 28.167 32.921 33.463 33.292 30.833 28.641 25.364 20.802 19.357 15.651 16.596 13.455 14.574 15.664 14.721 18.020 21.514 25.013 25.527 20.267 20.130 23.279 20.150 15.996 19.659 20.928 15.861 15.374 20.396 19.897 14.903 17.209 21.975 20.912 23.996 21.946 17.370 19.091 20.986 16.993 13.968 18.110 18.915 13.974 15.448 12.420  7.069 10.188 12.376  8.283  6.345 11.599 12.637  9.742 11.151 14.528 12.725 17.670 
19.446 14.641 11.208  9.006  4.840  0.000  5.430  7.956  5.659  9.690  9.539 13.527 14.525 19.361 20.554 25.821 26.288 24.694 25.992 22.556 19.649 21.733 21.458 16.637 16.202 17.788 17.062 12.106 15.445 17.468 13.179 11.789 15.137 15.291 19.266 23.128 22.965 26.476 21.945 21.770 27.009 25.880 22.337 26.213 29.507 26.795 26.720 31.769 32.090 30.771 29.530 24.325 26.359 24.481 26.661 25.252 22.081 20.961 21.579 20.802 20.861 22.215 24.234 28.842 30.842 31.858 26.924 27.768 28.579 24.879 22.037 20.025 17.503 18.764 14.719 13.609 11.662 10.281 13.274 12.792 17.883 17.643 21.796 21.816 21.916 27.577 24.653 29.147 33.908 34.142 33.244 31.227 29.471 25.476 21.483 19.354 16.761 17.282 15.736 16.500 18.695 17.568 21.600 25.056 28.722 29.289 24.293 23.550 27.168 24.498 19.903 23.124 25.004 20.119 18.772 23.784 23.721 18.422 19.837 24.938 23.180 25.533 23.122 19.284 20.481 21.417 17.376 14.896 18.073 17.880 13.052 12.686 10.596  4.861  9.340 12.076  8.980  8.422 13.102 14.347 12.892 14.503 18.263 16.883 22.117 
17.042 12.576  9.079  9.274  5.761  5.430  0.000  5.156  7.451  9.598 12.461 15.663 14.921 20.062 19.980 25.328 25.047 23.395 23.817 21.038 18.478 19.310 18.610 14.680 13.745 14.128 13.480  8.764 11.164 12.668  8.625  6.485  9.740 10.530 14.434 17.932 18.111 21.644 17.385 17.724 22.899 21.748 18.934 22.980 25.865 23.622 24.219 28.884 29.085 28.360 27.822 22.486 25.596 24.040 26.847 26.251 23.299 21.199 20.738 19.331 18.539 19.268 20.534 24.944 26.912 27.512 22.461 23.327 23.598 19.959 17.412 14.828 12.875 15.111 11.300 11.486  9.032 10.472 12.713 14.581 18.630 20.061 23.411 22.827 21.780 27.404 23.949 28.490 33.103 34.134 33.753 32.113 29.426 26.234 21.519 20.837 17.590 16.576 14.818 14.081 15.943 13.437 18.160 20.848 24.856 26.100 21.009 20.701 24.838 22.391 17.743 21.602 23.890 19.288 18.314 23.565 24.036 19.302 20.866 26.213 25.513 27.826 26.277 21.822 22.425 24.385 20.962 17.370 20.406 21.261 17.074 17.072 15.595  9.851 14.401 16.598 12.244 11.813 16.985 17.459 14.570 16.844 19.890 17.317 22.221 
13.501  8.499  7.329  6.464  5.963  7.956  5.156  0.000  5.780  7.724 11.542 14.471 12.942 18.459 17.369 22.967 21.984 19.501 20.570 18.502 15.042 15.537 16.075 12.394  9.911 11.105 12.120  6.904  8.083 11.674  9.361  6.813  9.774  8.028 11.980 16.556 17.040 19.539 14.516 15.222 20.135 18.256 15.046 19.510 22.122 19.226 19.933 24.799 24.618 23.516 23.092 17.598 20.845 19.016 22.058 21.699 19.158 16.442 16.045 14.215 13.985 14.518 16.386 20.973 22.895 24.010 19.180 20.008 21.273 17.531 14.470 13.627 11.264 11.757  7.350  6.406  4.709  6.265  9.176 11.884 15.570 17.924 21.099 19.598 18.298 23.609 19.555 24.005 28.622 29.802 29.923 28.036 25.020 22.368 17.262 17.287 13.359 12.351  9.797  9.309 11.043  9.707 13.859 17.470 21.030 21.647 16.904 15.921 20.028 17.941 12.939 16.506 19.110 14.814 13.392 18.645 19.607 15.159 16.405 21.878 21.819 23.951 23.144 18.353 18.478 21.243 18.472 14.078 17.209 19.116 15.527 16.929 15.530 10.446 14.865 15.567 10.241 10.906 15.734 14.832 11.243 14.851 16.904 13.551 18.597 
17.224 11.925 10.824  6.824  5.829  5.659  7.451  5.780  0.000  5.871  6.419 10.246 10.585 15.857 16.324 21.815 21.852 19.686 21.705 18.637 14.939 17.278 18.016 13.132 11.942 14.586 14.901  9.745 12.895 16.178 13.007 11.804 15.229 13.706 17.272 21.862 21.551 24.326 19.338 18.932 23.920 22.508 18.362 22.230 25.559 22.398 21.942 27.192 27.465 25.792 24.222 19.122 20.788 18.956 21.024 19.785 16.586 15.358 16.065 15.613 16.036 17.861 20.422 25.115 27.342 28.636 23.970 25.148 26.812 22.800 19.919 19.395 16.898 16.724 12.288  9.592  7.843  4.836  8.287  7.835 12.963 13.519 17.580 16.824 16.888 22.368 19.196 23.634 28.420 28.618 27.973 25.798 23.902 20.109 15.934 14.078 11.138 11.933 10.449 11.918 14.517 14.876 18.277 22.616 25.743 25.555 21.221 19.432 23.016 20.991 15.985 18.374 20.796 16.370 13.975 18.894 19.576 14.319 14.832 20.357 18.988 20.764 19.143 15.066 15.383 16.959 13.708 10.081 13.130 14.023  9.990 11.256  9.917  5.472 10.223 10.340  5.416  7.764 11.913 10.997  9.303 13.033 15.734 13.655 19.312 
20.016 14.767 14.781 11.738 10.977  9.690  9.598  7.724  5.871  0.000  6.089  7.265  5.431 10.863 10.934 16.367 16.606 15.320 16.647 13.034 10.100 12.981 12.897  7.611  8.198 10.993 10.452  6.407 11.093 13.436 10.676 11.465 15.024 13.563 15.713 19.890 18.329 21.401 16.993 15.046 20.033 19.760 15.115 17.998 22.113 19.786 18.351 23.409 24.679 23.639 21.335 16.905 18.368 18.285 19.941 19.731 15.614 14.920 13.667 14.790 13.156 16.515 18.397 22.924 26.174 26.543 21.881 24.422 25.856 20.986 19.491 19.286 18.190 18.297 13.809 10.780  6.422  6.607  4.415  6.430  9.202 11.391 13.986 13.452 12.598 18.381 15.960 20.503 25.110 25.582 24.571 23.366 21.103 17.291 13.255 12.360 10.628  8.794 10.297 10.134 14.196 14.559 18.528 22.765 25.788 25.579 22.130 19.241 23.619 22.804 17.272 18.897 22.622 19.117 15.654 20.314 22.369 17.638 16.710 22.693 21.776 22.130 21.504 17.954 16.422 18.034 16.239 12.072 12.839 14.175 12.291 12.235 13.396 10.091 15.210 14.468 10.007 13.545 17.161 15.138 13.746 18.434 20.445 17.685 23.284 
23.051 17.720 17.234 12.814 11.826  9.539 12.461 11.542  6.419  6.089  0.000  4.451  7.354 11.259 13.648 18.417 19.762 18.644 20.998 16.880 13.865 17.890 18.253 12.812 13.674 16.977 16.352 12.390 16.884 19.396 16.043 16.467 20.167 18.822 21.526 25.845 24.371 27.470 22.923 21.037 25.886 25.480 20.605 23.303 27.498 24.727 22.844 28.073 29.298 27.603 24.688 20.583 20.627 20.002 20.738 19.341 14.952 15.869 16.364 18.006 17.751 21.169 23.713 28.282 31.272 32.132 27.620 29.769 31.520 26.877 24.862 24.616 22.779 22.493 17.981 14.513 11.705  8.618  8.537  4.855  9.698  8.175 12.465 13.132 14.399 19.841 18.337 22.548 27.185 26.528 24.777 23.026 22.233 17.296 14.685 11.250 10.948 11.971 13.219 14.921 18.573 19.740 23.067 27.730 30.546 29.837 26.297 23.435 27.056 25.816 20.625 21.728 24.706 20.917 17.358 21.527 22.820 17.600 16.452 21.934 19.628 19.845 18.073 15.582 14.694 14.586 12.107  9.659 10.181  9.546  7.122  6.170  8.095  7.145 11.284  9.871  7.497 11.737 13.984 12.367 13.088 17.004 19.535 18.166 23.888 
25.955 20.666 20.849 16.608 15.910 13.527 15.663 14.471 10.246  7.265  4.451  0.000  4.880  7.061 10.483 14.575 16.638 16.399 18.653 14.068 11.859 16.639 16.700 11.457 13.596 17.008 15.989 13.284 18.066 20.066 17.184 18.562 22.205 20.777 22.657 26.691 24.468 27.543 23.451 20.611 25.116 25.448 20.288 22.023 26.681 24.397 21.621 26.600 28.537 27.084 23.414 20.156 19.427 20.054 20.095 19.241 14.201 16.079 15.627 18.581 17.416 21.784 24.047 28.368 31.932 32.330 28.028 30.942 32.711 27.658 26.411 26.531 25.344 24.979 20.498 16.762 13.308 11.220  8.621  5.324  7.114  5.492  8.567 10.173 11.629 16.913 16.606 20.568 24.935 24.063 21.716 20.677 20.161 14.894 13.253  9.905 11.379 11.335 14.499 15.689 19.907 21.411 24.713 29.416 31.993 31.053 28.202 24.608 28.441 27.968 22.609 22.979 26.602 23.455 19.244 22.962 25.045 20.227 18.069 23.575 21.439 20.438 19.395 17.634 15.430 14.972 13.950 11.581  9.884  9.259  9.576  7.771 11.589 11.549 15.436 13.374 11.422 16.047 17.884 15.532 16.495 20.930 22.970 21.340 26.995 
24.131 19.029 19.904 16.432 16.167 14.525 14.921 12.942 10.585  5.431  7.354  4.880  0.000  5.557  6.426 11.454 12.623 12.364 14.019  9.568  7.372 11.957 11.845  6.721  9.335 12.618 11.770  9.930 14.434 16.256 14.285 16.087 19.430 17.729 18.838 22.691 20.219 23.041 19.194 15.970 20.312 20.918 15.753 17.207 21.977 20.082 17.223 22.069 24.242 23.260 19.747 16.548 16.544 17.944 18.482 18.686 13.783 14.593 12.554 15.688 13.315 18.059 19.846 24.000 27.901 27.893 23.669 27.064 28.755 23.496 22.830 23.323 22.777 22.424 18.116 14.524 10.402 10.237  5.373  6.110  5.231  8.114  9.090  9.189  8.535 14.283 13.447 17.665 22.001 22.008 20.247 19.743 17.983 13.636 10.905  9.875 10.475  7.964 12.207 12.149 16.729 18.087 21.516 25.983 28.482 27.696 25.252 21.341 25.639 25.744 20.209 20.540 24.833 22.148 17.791 21.618 24.451 20.108 17.815 23.665 22.604 21.525 21.517 19.003 16.105 17.062 16.668 12.938 11.342 12.613 13.053 12.392 15.343 13.849 18.440 16.561 13.125 17.627 20.235 17.362 17.031 22.152 23.678 21.091 26.608 
29.427 24.423 25.461 21.865 21.509 19.361 20.062 18.459 15.857 10.863 11.259  7.061  5.557  0.000  5.628  7.871 11.064 12.766 14.089  9.034  9.204 14.228 13.537  9.756 13.555 16.433 14.987 14.678 19.126 20.164 18.478 21.003 24.239 22.747 23.202 26.522 23.284 26.093 23.004 18.867 22.489 24.053 18.903 18.893 24.054 22.873 18.961 23.153 26.232 25.509 21.070 19.284 17.997 20.705 20.165 20.676 15.424 17.614 15.148 19.501 16.620 21.993 23.450 27.123 31.497 31.007 27.166 31.206 32.834 27.338 27.419 28.067 27.986 27.636 23.452 19.799 15.711 15.572 10.513 10.179  6.722  8.349  6.224  8.389  8.380 12.914 14.464 17.820 21.471 20.894 18.021 18.650 17.784 13.090 12.578 11.379 14.056 11.606 16.866 16.721 21.356 22.964 26.197 30.587 32.800 31.753 29.979 25.570 29.772 30.461 25.019 24.614 29.156 26.984 22.266 25.425 28.644 24.589 21.555 27.031 25.724 23.510 23.817 22.387 18.755 18.757 19.403 16.576 13.321 13.813 16.044 14.397 18.614 18.284 22.458 20.162 17.750 22.506 24.497 21.435 21.893 26.988 28.380 26.051 31.475 
26.765 22.228 24.204 21.240 21.651 20.554 19.980 17.369 16.324 10.934 13.648 10.483  6.426  5.628  0.000  5.661  6.264  7.519  8.612  4.127  4.246  8.919  8.913  6.637  9.801 12.504 12.111 12.772 15.943 17.232 16.985 19.357 22.035 19.922 19.543 22.792 19.657 21.629 18.701 14.470 17.488 19.019 13.900 13.440 18.554 17.567 13.445 17.537 20.724 20.331 16.050 14.544 13.897 17.362 17.340 18.934 14.278 15.179 11.214 15.696 11.853 17.468 18.560 21.902 26.476 25.808 22.309 26.654 28.499 23.032 23.523 24.963 25.316 24.570 20.828 17.335 13.518 14.649  8.787 11.123  6.333 11.334  9.038  8.119  4.941  9.670 10.243 13.748 17.387 17.945 16.238 17.102 14.614 11.493  9.659 11.246 12.735  8.362 14.203 13.088 17.609 19.487 22.279 26.482 28.333 27.208 26.096 21.325 25.684 27.045 21.725 20.996 26.025 24.538 19.798 22.727 26.611 23.256 20.117 25.639 25.461 23.317 24.635 22.464 18.361 19.834 20.928 17.002 14.207 16.438 18.391 18.157 21.407 20.140 24.616 22.225 18.682 23.303 25.704 22.087 21.483 27.084 27.798 24.699 29.746 
32.075 27.721 29.838 26.877 27.222 25.821 25.328 22.967 21.815 16.367 18.417 14.575 11.454  7.871  5.661  0.000  4.976  9.347  9.300  5.982  9.072 12.460 11.837 11.454 14.942 16.957 16.143 17.917 20.893 21.440 21.560 24.425 26.914 25.005 23.995 26.574 22.848 24.571 22.620 17.803 19.671 22.167 17.545 15.428 20.499 20.504 15.607 18.381 22.517 22.602 17.679 17.932 16.253 20.890 19.988 22.033 17.516 19.242 15.068 20.120 16.021 21.695 22.288 24.872 29.793 28.555 25.662 30.554 32.271 26.755 28.029 29.629 30.463 29.746 26.218 22.809 19.057 20.239 14.433 16.080 10.682 14.500 10.297 10.384  7.919  9.357 12.624 14.581 16.913 17.204 14.633 17.133 15.293 12.824 13.158 14.836 17.454 13.463 19.428 18.214 22.510 24.452 26.988 30.919 32.420 31.117 30.751 25.670 29.849 31.804 26.701 25.387 30.562 29.617 24.723 27.022 31.241 28.255 24.636 29.740 29.563 26.558 28.286 26.865 22.270 23.189 25.063 21.692 17.993 19.795 22.771 22.023 25.941 25.254 29.569 26.936 23.917 28.701 30.779 27.009 26.825 32.442 33.000 30.006 34.896 
29.397 25.566 28.378 25.907 26.858 26.288 25.047 21.984 21.852 16.606 19.762 16.638 12.623 11.064  6.264  4.976  0.000  5.333  4.814  4.681  7.156  8.740  9.308 10.641 12.722 14.415 14.798 16.926 18.599 19.538 20.759 23.193 25.173 22.727 21.156 23.711 20.386 21.141 19.274 14.787 15.843 18.038 13.664 11.056 15.834 15.932 10.859 13.416 17.597 17.937 13.251 13.955 12.923 17.993 17.623 20.453 16.714 17.242 12.191 16.948 12.400 17.874 18.180 20.351 25.302 24.058 21.595 26.548 28.550 23.259 24.705 27.028 28.052 26.914 23.880 20.708 17.566 19.391 13.724 16.680 11.301 16.516 13.049 11.239  7.143  7.747  9.559 11.346 13.603 15.188 14.167 16.411 13.021 12.325 11.449 14.992 16.477 11.691 17.333 15.555 19.365 21.583 23.510 27.237 28.333 26.907 27.145 21.883 26.000 28.467 23.664 22.067 27.448 27.096 22.377 24.369 28.967 26.617 23.077 28.039 28.739 25.989 28.361 26.350 21.652 23.653 25.657 21.615 18.515 21.384 23.945 24.191 27.354 26.076 30.475 27.803 24.088 28.648 30.942 26.869 25.935 31.754 31.782 28.308 32.765 
25.090 21.594 25.126 22.623 24.375 24.694 23.395 19.501 19.686 15.320 18.644 16.399 12.364 12.766  7.519  9.347  5.333  0.000  5.593  7.244  5.372  6.042  9.621 10.495 10.168 12.632 14.676 15.642 16.254 18.577 20.138 21.573 23.375 20.096 18.856 22.204 19.945 19.905 17.028 13.800 14.957 15.469 10.724  9.587 13.569 12.072  7.088 11.107 14.034 13.408  8.687  8.772  7.902 12.806 12.945 16.078 13.080 12.548  7.163 11.903  8.079 13.441 14.566 17.037 21.504 21.232 18.884 23.130 25.902 21.030 21.559 24.653 25.075 23.095 20.319 16.919 14.957 16.299 11.458 14.736  9.928 15.765 13.525 10.052  5.584  6.404  4.728  7.458 10.911 12.997 13.450 14.204  9.660  9.950  7.437 12.390 12.746  8.110 13.098 11.788 15.056 18.273 19.294 23.486 24.211 22.282 22.704 17.190 20.949 23.541 18.979 16.901 22.263 22.283 17.576 19.219 23.974 22.096 18.544 23.306 24.588 22.176 24.957 22.513 17.858 20.768 22.841 18.414 15.965 19.757 21.936 23.393 25.680 24.298 28.359 25.434 21.401 25.783 27.888 23.499 22.176 28.061 27.549 23.924 28.014 
26.886 23.547 26.545 24.936 26.018 25.992 23.817 20.570 21.705 16.647 20.998 18.653 14.019 14.089  8.612  9.300  4.814  5.593  0.000  5.459  7.386  5.653  6.268  9.769 10.748 11.268 12.378 15.214 15.650 16.348 18.615 20.843 22.221 19.705 17.425 19.580 16.457 16.578 15.110 10.738 11.112 13.475  9.655  6.301 11.224 12.024  7.466  9.740 13.989 15.166 11.733 11.946 12.935 17.589 18.328 21.527 18.432 17.499 11.839 15.330  9.828 14.695 14.140 15.961 21.103 19.433 17.044 22.262 24.068 18.857 20.807 23.371 24.879 23.877 21.349 18.876 15.939 18.957 13.639 17.978 13.500 19.332 16.803 14.417  9.743 10.915 10.218 12.298 14.550 17.399 17.639 19.333 14.847 15.210 12.691 17.151 17.181 11.596 16.308 13.401 16.708 18.352 20.222 23.342 24.418 23.425 23.844 18.828 23.274 25.934 21.315 20.165 25.675 25.501 21.305 23.512 28.171 26.143 23.200 28.233 29.594 27.567 30.033 27.244 22.937 25.773 27.299 22.665 20.571 23.908 25.574 26.191 28.682 26.512 31.164 28.942 24.536 28.580 31.418 27.507 25.677 31.454 31.336 27.357 31.503 
27.341 23.188 25.276 23.112 23.456 22.556 21.038 18.502 18.637 13.034 16.880 14.068  9.568  9.034  4.127  5.982  4.681  7.244  5.459  0.000  5.321  7.343  5.898  6.396  9.788 11.113 10.528 12.853 15.249 15.634 16.368 19.149 21.312 19.417 18.095 20.600 17.012 18.767 16.713 11.858 14.222 16.646 12.078 10.444 15.783 15.900 11.767 15.059 18.834 19.352 15.530 14.508 14.855 18.858 19.293 21.558 17.403 17.449 12.542 16.517 11.460 16.893 17.004 19.812 24.766 23.352 20.052 24.985 26.430 20.851 22.272 23.766 24.896 24.486 21.153 18.305 14.297 16.839 10.938 14.592 10.204 15.440 12.978 11.827  7.770 11.114 11.380 14.469 17.523 19.077 17.949 19.447 16.113 14.335 12.109 14.900 15.648 10.313 15.785 13.428 17.707 18.934 21.854 25.397 27.206 26.457 25.739 21.029 25.714 27.490 22.294 21.748 27.059 25.899 21.462 24.388 28.549 25.555 22.674 28.180 28.573 26.598 28.228 25.691 21.614 23.597 24.641 20.364 17.996 20.484 22.088 21.807 24.837 22.893 27.684 25.668 21.658 25.927 28.791 25.265 24.016 29.654 30.249 26.698 31.509 
23.011 18.776 21.380 18.753 19.819 19.649 18.478 15.042 14.939 10.100 13.865 11.859  7.372  9.204  4.246  9.072  7.156  5.372  7.386  5.321  0.000  5.344  7.379  5.652  6.357  9.547 10.728 10.912 12.868 15.096 15.611 17.242 19.583 16.802 16.354 20.041 17.619 18.896 15.404 11.931 14.942 15.517 10.189 10.689 15.382 13.687 10.045 14.777 17.244 16.622 12.931 10.567 11.007 14.025 14.846 16.779 12.810 12.281  7.690 11.668  7.627 13.243 14.583 18.111 22.463 22.202 18.727 22.762 24.990 19.748 19.847 21.883 22.062 20.830 17.345 13.867 10.704 12.276  6.682 10.597  6.654 12.641 11.541  8.979  4.862  9.672  7.722 11.861 15.944 17.242 16.770 16.859 13.288 11.234  7.486 10.663 10.504  5.018 10.673  9.175 13.526 15.830 18.182 22.511 24.194 22.973 21.950 17.089 21.482 22.956 17.713 16.968 22.123 20.865 16.254 19.219 23.274 20.283 17.375 22.929 23.443 21.821 23.501 20.632 16.667 19.212 20.172 15.565 13.716 16.935 18.205 19.076 21.357 19.510 23.952 21.576 17.341 21.670 24.274 20.444 19.068 24.832 25.122 21.601 26.373 
21.276 17.909 21.075 19.679 21.095 21.733 19.310 15.537 17.278 12.981 17.890 16.639 11.957 14.228  8.919 12.460  8.740  6.042  5.653  7.343  5.344  0.000  5.335  7.314  5.662  6.813  9.645 11.059 10.678 12.780 15.050 16.350 17.723 14.606 12.921 16.187 14.148 14.267 11.110  7.975 10.047 10.347  5.222  5.698 10.125  8.874  5.920 10.502 12.757 13.057 10.783  8.270 11.137 14.129 16.026 18.765 16.004 13.817  8.383 10.515  4.607  9.677  9.864 12.984 17.653 16.952 13.706 18.174 20.390 15.249 16.039 18.796 19.689 18.383 15.761 13.297 10.832 14.118  9.603 14.764 11.751 17.766 16.808 13.811  9.371 12.334  8.938 12.418 15.909 18.629 19.436 19.656 14.889 14.828 10.426 14.938 13.392  7.593 11.162  7.791 11.164 13.003 14.952 18.564 20.000 19.121 18.712 13.868 18.648 20.734 15.870 15.351 20.781 20.165 16.253 19.052 23.393 21.211 18.897 24.163 25.708 24.619 26.762 23.249 19.591 23.054 23.879 18.826 17.920 21.621 22.261 23.572 25.153 22.453 27.017 25.058 20.189 23.803 26.884 23.149 20.708 26.381 26.237 22.058 26.192 
24.014 20.367 22.344 21.429 21.720 21.458 18.610 16.075 18.016 12.897 18.253 16.700 11.845 13.537  8.913 11.837  9.308  9.621  6.268  5.898  7.379  5.335  0.000  5.502  7.298  6.275  6.166  9.852 10.752 10.422 12.510 15.145 16.576 14.864 12.737 14.768 11.241 12.962 11.159  5.999  9.023 11.632  7.784  6.849 11.981 12.690 10.298 13.384 16.501 17.780 15.702 13.563 16.200 19.267 20.985 23.407 19.959 18.390 13.265 15.316  9.443 13.679 12.702 15.494 20.450 18.567 14.821 19.934 20.827 15.155 17.139 18.450 20.244 20.381 17.555 15.826 11.806 16.142 11.087 16.342 13.554 19.078 17.849 16.129 11.824 15.373 13.495 16.889 20.024 22.575 22.530 23.454 19.192 18.286 14.477 17.921 16.897 11.001 14.805 10.919 14.632 14.510 17.916 20.604 22.775 22.871 21.849 17.835 23.020 24.634 19.578 20.036 25.296 24.028 20.418 23.834 27.804 25.014 23.088 28.693 29.710 28.743 30.281 26.808 23.423 26.261 26.555 21.679 20.695 23.569 23.901 24.003 26.063 22.896 27.979 26.720 21.909 25.336 28.964 25.855 23.485 28.895 29.489 25.392 29.891 
22.593 18.101 19.384 17.592 17.456 16.637 14.680 12.394 13.132  7.611 12.812 11.457  6.721  9.756  6.637 11.454 10.641 10.495  9.769  6.396  5.652  7.314  5.502  0.000  5.363  6.816  5.726  6.527  9.968 10.726 10.473 12.984 15.538 13.938 13.621 16.789 13.846 16.583 13.391  9.424 13.831 15.115 10.413 11.530 16.396 15.554 13.225 17.524 19.963 20.100 17.524 14.302 16.206 18.289 19.831 21.264 17.183 16.212 12.242 14.496  9.960 14.533 14.984 18.790 23.146 22.251 17.951 22.086 23.225 17.666 18.154 18.750 19.430 19.616 15.878 13.395  8.548 11.957  6.575 11.420  9.694 14.521 14.322 13.200  9.962 15.090 13.221 17.407 21.362 22.865 22.124 22.307 18.930 16.450 12.512 14.357 13.428  8.242 12.232  9.503 14.058 14.229 18.170 21.731 24.353 24.252 22.167 18.363 23.400 24.082 18.576 19.406 24.286 22.099 18.252 22.240 25.630 21.986 20.182 26.104 26.284 25.577 26.341 22.970 19.998 22.266 21.979 17.354 16.567 18.874 18.788 18.579 20.699 17.692 22.801 21.621 17.056 20.698 24.250 21.428 19.555 24.839 25.981 22.369 27.443 
17.669 13.522 15.887 14.437 15.486 16.202 13.745  9.911 11.942  8.198 13.674 13.596  9.335 13.555  9.801 14.942 12.722 10.168 10.748  9.788  6.357  5.662  7.298  5.363  0.000  4.428  7.329  6.081  6.610  9.938 10.849 11.496 13.522 10.450 10.448 14.762 13.410 14.828 10.309  8.412 12.663 11.923  6.960 10.291 13.973 11.729 10.732 15.625 16.707 16.276 14.754 10.303 13.557 14.440 16.961 18.480 15.435 12.895  9.163  9.709  5.680  9.451 10.644 14.966 18.727 18.762 14.460 17.787 19.728 14.636 13.995 15.684 15.718 14.886 11.382  8.746  5.220  9.198  5.467 11.295 10.614 15.824 16.517 14.028 10.754 15.434 11.557 15.884 20.108 22.047 22.428 21.705 17.657 16.139 10.934 13.750 11.036  5.892  7.827  4.190  8.704  9.693 12.992 17.045 19.462 19.133 16.948 13.087 18.111 18.745 13.285 14.292 19.143 17.154 13.594 17.650 21.062 17.909 16.535 22.297 23.255 23.204 24.337 20.277 17.653 21.000 20.634 15.454 15.809 19.083 18.409 19.716 20.614 17.262 21.965 20.626 15.435 18.623 22.190 19.082 16.296 21.704 22.210 18.127 22.799 
18.158 14.696 16.560 16.532 17.049 17.788 14.128 11.105 14.586 10.993 16.977 17.008 12.618 16.433 12.504 16.957 14.415 12.632 11.268 11.113  9.547  6.813  6.275  6.816  4.428  0.000  4.888  6.037  4.532  6.162  8.841  9.921 11.027  8.640  7.076 10.617  9.006 10.680  6.643  4.441  9.357  9.187  5.616  8.922 12.176 11.264 11.384 15.250 16.403 17.077 16.574 12.488 16.697 17.800 20.661 22.525 19.762 16.882 12.814 12.509  7.727  9.902  9.232 13.134 17.122 16.195 11.494 15.422 16.429 10.954 11.533 12.716 14.020 14.274 11.499 10.637  7.107 12.562  9.514 15.346 14.683 19.857 20.252 18.046 14.339 18.585 14.876 18.807 22.549 25.137 25.747 25.482 21.033 20.100 15.020 18.144 15.381 10.242 11.382  6.728  9.751  8.397 12.584 15.272 18.113 18.790 16.574 13.531 18.962 19.675 14.597 16.390 21.129 19.265 16.572 20.645 23.943 21.098 20.319 25.909 27.199 27.446 28.569 24.274 21.935 25.384 24.771 19.588 20.203 23.297 22.265 23.132 23.902 19.858 24.802 24.144 18.790 21.272 25.368 22.749 19.449 24.438 25.067 20.711 24.996 
21.802 17.900 18.446 18.314 17.597 17.062 13.480 12.120 14.901 10.452 16.352 15.989 11.770 14.987 12.111 16.143 14.798 14.676 12.378 10.528 10.728  9.645  6.166  5.726  7.329  4.888  0.000  5.348  7.393  5.491  6.403  9.634 11.365 10.978  9.831 11.869  8.574 12.387  9.990  6.207 11.324 13.003  9.990 11.552 15.585 15.712 14.979 18.444 20.501 21.507 20.318 16.731 20.115 21.698 24.046 25.631 22.092 20.143 16.140 16.786 11.930 14.776 13.898 17.381 21.547 19.921 15.185 19.367 19.346 13.724 15.063 14.536 16.309 17.818 14.680 13.935  9.057 14.332 10.607 15.873 15.252 19.787 19.970 18.867 15.425 20.141 17.633 21.657 25.343 27.559 27.324 27.560 23.647 21.845 17.403 19.596 17.696 12.606 14.762 10.767 14.287 12.191 17.082 19.293 22.522 23.570 21.022 18.355 23.773 24.147 18.935 20.938 25.566 23.184 20.378 24.740 27.797 24.320 23.508 29.370 29.959 30.035 30.617 26.640 24.352 27.026 26.093 21.287 21.505 23.755 22.666 22.306 23.695 19.541 24.869 24.715 19.734 22.261 26.594 24.489 21.711 26.447 27.807 23.830 28.555 
18.196 13.675 13.722 13.105 12.315 12.106  8.764  6.904  9.745  6.407 12.390 13.284  9.930 14.678 12.772 17.917 16.926 15.642 15.214 12.853 10.912 11.059  9.852  6.527  6.081  6.037  5.348  0.000  5.653  7.040  5.279  6.590  9.591  8.572  9.874 13.583 12.108 15.439 11.365  9.785 15.082 14.947 11.339 14.587 18.189 16.706 16.424 20.851 21.967 21.914 20.815 16.189 19.452 19.676 22.264 23.012 19.602 17.468 14.824 14.692 11.559 13.867 14.401 18.698 22.030 21.675 16.703 19.533 20.169 15.125 14.395 13.674 13.786 14.962 11.031  9.853  4.536  9.581  7.480 12.293 13.539 17.275 18.835 17.634 15.147 20.499 17.295 21.741 26.017 27.661 27.434 26.722 23.249 20.796 15.940 17.098 14.431 10.657 11.344  8.436 11.977 10.200 15.246 18.336 21.810 22.592 19.063 16.809 21.898 21.326 15.917 18.476 22.512 19.338 16.748 21.588 23.949 19.952 19.706 25.608 25.811 26.563 26.555 22.321 20.807 23.435 21.794 17.066 18.257 20.338 18.328 18.462 19.035 14.557 19.779 19.848 14.727 16.942 21.394 19.634 16.757 21.245 22.911 19.203 24.205 
14.535 11.180 12.462 13.443 13.916 15.445 11.164  8.083 12.895 11.093 16.884 18.066 14.434 19.126 15.943 20.893 18.599 16.254 15.650 15.249 12.868 10.678 10.752  9.968  6.610  4.532  7.393  5.653  0.000  5.519  7.523  6.485  7.274  4.182  4.663  9.454  9.827 11.552  6.547  7.731 12.313 10.589  8.339 12.788 14.860 13.100 14.561 18.526 18.565 18.760 19.148 14.195 18.864 18.536 21.967 23.225 20.928 17.454 14.630 12.732  9.846  9.915  9.793 14.016 16.780 16.693 11.649 13.915 14.780 10.055  8.788  9.163  9.663 10.430  7.548  8.058  5.527 11.245 10.472 15.823 16.751 21.225 22.648 20.439 17.363 21.905 17.577 21.651 25.648 28.073 28.886 27.950 23.659 22.527 17.059 19.513 15.821 11.957 10.849  6.714  8.286  4.935 10.269 12.761 16.322 17.593 14.068 12.428 17.687 17.302 12.372 15.523 19.446 16.861 15.205 19.771 22.234 19.241 19.559 24.988 26.283 27.494 28.112 23.333 21.990 25.611 24.210 19.085 20.884 23.828 21.739 22.973 22.750 18.079 22.774 22.769 17.234 18.701 23.173 21.202 17.276 21.630 22.468 18.077 22.182 
19.229 16.215 16.282 17.800 17.063 17.468 12.668 11.674 16.178 13.436 19.396 20.066 16.256 20.164 17.232 21.440 19.538 18.577 16.348 15.634 15.096 12.780 10.422 10.726  9.938  6.162  5.491  7.040  5.519  0.000  5.215  6.773  6.773  7.391  5.748  7.083  5.518  9.569  7.184  6.637 11.282 11.705 10.695 13.455 15.841 15.935 17.020 20.049 21.003 22.238 22.475 18.309 22.810 23.421 26.539 28.050 25.235 22.311 18.795 17.766 13.685 14.370 12.801 16.024 19.291 17.691 12.629 15.884 14.973  9.807 11.077  9.375 11.974 14.576 12.363 13.445  9.834 15.688 13.823 19.166 19.563 23.974 24.815 23.313 19.905 24.460 21.009 24.960 28.614 31.259 31.663 31.472 27.168 25.898 20.859 23.255 20.312 15.776 15.994 11.667 13.565  9.444 14.787 15.674 19.469 21.539 18.356 17.135 22.494 22.334 17.715 20.806 24.827 22.302 20.691 25.215 27.749 24.615 24.822 30.390 31.441 32.390 32.848 28.281 26.754 29.942 28.471 23.528 24.814 27.258 25.272 25.404 25.762 20.829 25.921 26.472 21.178 22.554 27.333 25.787 22.154 26.233 27.551 23.329 27.460 
20.054 16.173 14.811 15.754 13.828 13.179  8.625  9.361 13.007 10.676 16.043 17.184 14.285 18.478 16.985 21.560 20.759 20.138 18.615 16.368 15.611 15.050 12.510 10.473 10.849  8.841  6.403  5.279  7.523  5.215  0.000  4.547  6.942  8.812  9.801 11.752 10.233 14.770 11.967 10.892 16.005 16.455 14.317 17.200 20.344 19.796 20.182 23.913 25.054 25.662 25.169 20.651 24.403 24.620 27.425 28.200 24.861 22.607 19.894 19.281 15.919 17.309 16.828 20.606 23.683 22.647 17.511 20.150 19.415 14.672 14.671 11.959 13.115 16.133 12.947 13.503  9.037 14.021 12.686 17.009 18.490 21.799 23.323 22.601 20.017 25.281 22.266 26.599 30.668 32.595 32.323 31.881 28.301 25.941 21.169 22.252 19.600 15.899 16.157 12.909 15.504 11.833 17.486 19.137 23.175 24.974 21.022 19.916 25.081 24.140 19.181 22.520 26.192 22.794 21.059 26.032 27.994 24.022 24.441 30.215 30.401 31.567 31.218 26.852 25.824 28.300 26.175 21.718 23.219 24.833 22.278 21.683 22.008 16.893 22.107 23.244 18.368 19.527 24.457 23.587 20.469 24.115 26.236 22.607 27.301 
16.066 12.499 10.637 12.625 11.011 11.789  6.485  6.813 11.804 11.465 16.467 18.562 16.087 21.003 19.357 24.425 23.193 21.573 20.843 19.149 17.242 16.350 15.145 12.984 11.496  9.921  9.634  6.590  6.485  6.773  4.547  0.000  3.813  5.617  8.542 11.476 11.980 15.419 11.656 12.589 17.464 16.440 14.710 18.676 20.989 19.560 20.873 24.840 25.019 25.154 25.379 20.260 24.449 23.593 26.878 27.325 24.641 21.714 19.840 18.021 15.917 15.994 16.009 19.976 22.129 21.972 16.836 18.141 17.727 13.845 12.224  9.188  9.061 12.332  9.318 10.930  8.043 12.610 13.190 17.253 19.678 22.805 25.055 23.819 21.505 26.724 22.890 27.244 31.483 33.428 33.631 32.544 28.879 26.754 21.548 22.562 19.026 16.229 14.782 12.035 13.471  9.242 14.774 16.351 20.605 22.580 17.909 17.752 22.526 20.864 16.284 20.346 23.313 19.582 18.723 23.803 25.154 21.334 22.584 28.026 28.446 30.369 29.867 25.080 24.789 27.653 25.114 20.637 23.116 24.976 21.717 22.022 21.252 15.758 20.481 21.919 16.836 17.048 22.151 21.634 17.897 20.997 23.032 19.362 23.692 
15.568 13.180 11.582 14.825 13.710 15.137  9.740  9.774 15.229 15.024 20.167 22.205 19.430 24.239 22.035 26.914 25.173 23.375 22.221 21.312 19.583 17.723 16.576 15.538 13.522 11.027 11.365  9.591  7.274  6.773  6.942  3.813  0.000  4.870  6.992  8.895 10.771 13.615 10.438 12.693 16.855 15.439 15.010 19.028 20.463 19.382 21.545 24.958 24.705 25.225 26.261 21.221 26.018 25.067 28.698 29.442 27.209 23.760 21.678 19.207 17.076 16.082 15.369 18.784 20.413 20.073 15.078 15.793 14.658 11.471  9.951  5.716  6.772 11.151  9.529 12.447 10.668 15.487 16.184 20.621 22.735 26.261 28.312 26.750 24.066 28.946 24.777 28.909 32.916 35.305 35.940 34.904 30.831 29.311 23.901 25.512 21.671 18.652 16.757 13.550 13.933  8.622 13.911 14.164 18.638 21.337 16.647 17.399 22.063 20.417 16.496 20.903 23.626 20.259 20.103 24.942 26.249 23.022 24.603 29.745 30.695 32.836 32.606 27.594 27.379 30.641 28.204 23.588 26.227 28.407 25.155 25.750 24.744 19.192 23.626 25.154 19.979 19.757 24.850 24.369 20.188 22.994 24.665 20.742 24.389 
11.966  9.420  9.867 12.488 12.916 15.291 10.530  8.028 13.706 13.563 18.822 20.777 17.729 22.747 19.922 25.005 22.727 20.096 19.705 19.417 16.802 14.606 14.864 13.938 10.450  8.640 10.978  8.572  4.182  7.391  8.812  5.617  4.870  0.000  4.730  9.223 11.432 12.790  8.026 11.097 15.074 12.478 11.564 16.302 17.422 15.389 17.835 21.567 20.792 20.819 22.047 16.788 21.761 20.467 24.292 25.175 23.413 19.506 17.570 14.552 13.027 11.441 11.387 15.265 16.789 17.290 12.354 12.859 13.342  9.923  6.946  6.042  5.521  7.456  5.384  8.264  7.761 12.527 13.512 18.218 20.075 24.041 26.056 23.828 21.091 25.623 20.930 24.924 28.941 31.378 32.440 31.101 26.854 25.798 20.183 22.282 18.040 15.176 12.591  9.372  9.096  3.875  9.331 10.845 15.011 17.035 12.448 12.630 17.361 15.989 11.784 16.058 18.982 15.967 15.637 20.293 21.926 19.103 20.475 25.488 26.912 28.944 29.218 24.098 23.632 27.384 25.410 20.487 23.164 25.973 23.108 24.628 23.538 18.434 22.677 23.325 17.841 18.131 22.835 21.559 17.103 20.555 21.481 17.133 20.691 
14.941 13.145 14.515 16.805 17.375 19.266 14.434 11.980 17.272 15.713 21.526 22.657 18.838 23.202 19.543 23.995 21.156 18.856 17.425 18.095 16.354 12.921 12.737 13.621 10.448  7.076  9.831  9.874  4.663  5.748  9.801  8.542  6.992  4.730  0.000  5.321  7.674  8.082  3.589  7.648 10.787  8.480  8.935 13.040 13.639 12.766 15.529 18.391 17.909 18.900 20.467 15.942 21.311 21.053 24.801 26.480 24.712 20.773 17.661 15.099 12.108 10.527  8.704 11.872 14.148 13.448  8.319 10.372 10.297  5.636  5.389  5.956  8.434  9.940  9.105 11.264 10.102 15.574 14.968 20.421 20.991 25.754 26.869 24.450 20.970 24.933 20.424 24.043 27.571 30.608 31.922 31.191 26.435 26.109 20.612 23.696 19.869 15.852 14.435 10.084  9.917  4.986  9.626  9.936 13.762 16.127 12.920 12.427 17.565 17.466 13.555 16.972 20.597 18.641 17.875 21.976 24.422 22.195 22.867 27.860 29.749 31.144 32.061 27.110 25.850 29.806 28.503 23.332 25.231 28.383 26.275 27.596 27.181 22.301 26.834 27.074 21.511 22.442 26.988 25.167 20.851 24.795 25.302 20.694 23.955 
19.191 18.079 18.802 21.679 21.679 23.128 17.932 16.556 21.862 19.890 25.845 26.691 22.691 26.522 22.792 26.574 23.711 22.204 19.580 20.600 20.041 16.187 14.768 16.789 14.762 10.617 11.869 13.583  9.454  7.083 11.752 11.476  8.895  9.223  5.321  0.000  5.205  5.366  5.750  8.945 10.472  9.701 12.093 14.662 14.587 15.495 18.380 20.001 19.883 21.902 23.822 20.056 25.476 25.813 29.467 31.465 29.595 25.789 22.185 19.967 16.321 14.817 11.758 13.245 15.442 13.134  8.662 11.167  8.597  4.371  7.925  6.666 11.250 13.959 14.008 16.563 14.954 20.647 19.510 25.085 25.241 30.126 30.797 28.642 24.825 28.518 24.455 27.782 30.855 34.285 35.596 35.393 30.437 30.383 25.109 28.420 24.917 20.450 19.653 15.104 14.960 10.067 13.814 12.086 15.699 18.967 16.448 16.603 21.476 21.679 18.424 21.726 25.260 23.614 23.102 26.996 29.491 27.460 28.150 33.081 35.065 36.359 37.331 32.416 31.045 34.919 33.636 28.488 30.143 33.151 31.106 31.910 31.737 26.642 31.341 31.939 26.439 27.188 31.933 30.355 26.050 29.750 30.393 25.814 28.780 
22.603 20.445 21.079 22.953 22.501 22.965 18.111 17.040 21.551 18.329 24.371 24.468 20.219 23.284 19.657 22.848 20.386 19.945 16.457 17.012 17.619 14.148 11.241 13.846 13.410  9.006  8.574 12.108  9.827  5.518 10.233 11.980 10.771 11.432  7.674  5.205  0.000  5.538  7.045  6.208  8.346 10.297 11.360 12.489 13.931 15.789 17.191 18.742 20.021 22.357 23.119 19.936 24.688 26.071 29.151 31.328 28.735 25.688 21.410 20.540 15.726 16.054 13.048 14.744 18.322 15.280 10.920 15.186 13.228  8.104 12.067 11.010 15.052 17.561 16.426 17.803 14.714 20.616 18.104 23.741 23.129 28.083 28.112 26.443 22.446 26.168 23.003 26.362 29.328 32.610 33.339 33.756 29.000 28.583 23.786 27.022 24.348 19.207 19.938 15.160 16.502 12.503 16.823 16.354 19.628 22.130 20.078 18.883 24.164 24.832 20.794 23.422 27.667 25.957 24.432 28.429 31.418 28.911 28.845 34.212 35.767 36.365 37.359 32.846 30.864 34.289 33.310 28.220 29.052 31.785 30.317 30.410 31.096 26.295 31.410 31.770 26.427 27.944 32.644 30.809 27.075 31.298 32.230 27.757 31.425 
21.900 20.784 22.587 24.671 25.178 26.476 21.644 19.539 24.326 21.401 27.470 27.543 23.041 26.093 21.629 24.571 21.141 19.905 16.578 18.767 18.896 14.267 12.962 16.583 14.828 10.680 12.387 15.439 11.552  9.569 14.770 15.419 13.615 12.790  8.082  5.366  5.538  0.000  5.637  7.236  5.949  6.579 10.150 11.047 10.277 12.733 15.335 15.795 16.227 19.107 20.999 18.363 23.607 24.962 28.284 30.956 29.163 25.522 21.103 19.600 15.101 14.139 10.154 10.306 13.692  9.968  6.364 11.217  9.531  4.840 10.285 11.503 15.593 16.909 16.908 18.489 16.758 22.399 20.152 25.993 24.932 30.405 30.206 27.785 23.492 26.304 22.617 25.338 27.777 31.643 33.204 33.555 28.297 29.009 24.131 28.241 25.247 20.150 20.362 15.535 15.659 12.327 14.921 13.538 15.905 18.486 17.660 16.528 21.383 22.839 19.641 21.763 25.925 25.208 24.022 27.280 30.561 29.005 28.875 33.712 36.046 36.592 38.241 33.622 31.450 35.453 34.958 29.663 30.527 33.901 32.737 33.632 34.068 29.456 34.293 34.185 28.659 30.190 34.603 32.300 28.245 32.591 32.756 27.999 30.910 
16.898 15.316 17.530 19.263 20.205 21.945 17.385 14.516 19.338 16.993 22.923 23.451 19.194 23.004 18.701 22.620 19.274 17.028 15.110 16.713 15.404 11.110 11.159 13.391 10.309  6.643  9.990 11.365  6.547  7.184 11.967 11.656 10.438  8.026  3.589  5.750  7.045  5.637  0.000  5.595  7.466  5.043  6.524 10.015 10.152 10.034 12.891 15.137 14.882 16.470 18.151 14.320 19.780 20.287 23.869 26.113 24.441 20.537 16.694 14.589 10.741  9.392  6.379  8.974 12.203 10.699  5.572  9.512  9.886  4.385  6.553  8.909 11.639 12.113 11.544 12.871 11.649 17.068 15.509 21.244 20.835 26.121 26.577 23.899 19.984 23.323 18.947 22.166 25.290 28.707 30.268 29.913 24.841 25.143 19.848 23.653 20.171 15.562 14.958 10.237 10.201  6.916 10.070 10.337 13.260 15.241 13.413 11.894 17.128 18.087 14.324 16.769 20.924 19.790 18.536 22.098 25.184 23.407 23.447 28.349 30.567 31.410 32.873 28.126 26.241 30.348 29.656 24.355 25.649 29.120 27.683 29.076 29.113 24.600 29.213 28.940 23.369 24.871 29.145 26.780 22.647 27.044 27.147 22.401 25.519 
