 0.000  5.129  7.632  7.247  7.459 11.504 13.275 17.824 17.842 18.737 23.386 22.828 26.560 26.500 30.838 27.060 27.853 23.419 22.783 17.961 15.236 14.362 10.488 16.134 13.856 19.111 18.333 14.748 15.675 13.755 18.310 20.844 19.709 24.200 20.378 24.345 23.445 23.907 20.615 18.358 14.426 10.251 11.369 14.261 12.388 17.092 16.310 16.369 14.920 12.035 11.584 11.639  8.971  5.618  7.349  9.119 
 5.129  0.000  5.279  7.511  5.693  7.805 11.523 15.653 16.827 18.105 23.116 22.844 26.645 27.494 31.632 28.387 28.529 24.983 24.091 19.202 16.330 13.957  9.450 14.058 10.137 15.630 16.020 12.253 14.602 13.927 17.389 21.015 19.416 24.414 21.381 25.149 24.959 25.238 21.460 18.628 14.248 11.572 10.996 15.505 14.505 19.890 18.970 17.743 17.643 15.296 13.003 12.863 12.395  8.734  7.340  9.098 
 7.632  5.279  0.000  5.504  7.061  6.728  8.678 13.666 15.839 15.422 21.047 19.898 23.185 24.701 29.180 26.661 27.396 24.038 24.294 18.814 17.392 13.911 11.205 15.381 11.484 17.034 18.369 15.449 17.788 16.182 18.731 21.879 18.939 23.505 19.985 23.053 22.786 22.210 18.091 15.562 11.035  9.038  9.829 14.222 15.245 20.268 20.710 20.159 20.464 17.044 14.872 16.361 15.502 10.751 10.118 13.375 
 7.247  7.511  5.504  0.000  5.225  7.551  6.514 11.510 12.077 11.756 16.890 15.935 19.589 20.199 24.609 21.581 22.488 18.711 19.114 13.550 12.586  9.652  8.267 13.064 11.454 16.508 16.666 14.448 15.469 12.495 15.267 17.437 14.564 18.813 14.872 18.266 17.780 17.768 14.030 11.455  7.254  4.130  5.359  8.879 10.094 14.884 15.872 15.956 16.429 12.453 10.510 13.312 12.346  7.187  7.484 11.773 
 7.459  5.693  7.061  5.225  0.000  5.478  7.676 11.017 11.294 13.354 17.846 18.173 22.321 22.898 26.635 23.307 23.020 19.841 18.768 13.947 11.222  8.281  4.208  9.131  7.071 12.189 12.031  9.319 10.891  9.223 12.088 15.530 13.737 18.805 16.194 20.087 20.306 21.122 17.580 14.348 10.384  8.683  5.888 10.739 10.084 15.685 15.095 13.532 14.762 12.224  8.605 10.060 11.085  6.815  3.730  7.651 
11.504  7.805  6.728  7.551  5.478  0.000  5.789  8.576 11.342 12.572 17.645 17.728 21.486 23.374 27.022 24.744 24.223 22.109 21.567 16.648 14.954 10.253  7.927  9.816  5.506 10.646 12.872 10.917 13.836 13.118 13.897 17.885 14.842 19.856 17.868 20.917 21.743 21.834 17.793 14.348 10.214 10.708  7.659 13.189 14.463 19.827 19.865 17.922 19.959 17.378 13.332 15.024 16.560 12.135  9.021 12.271 
13.275 11.523  8.678  6.514  7.676  5.789  0.000  5.439  8.071  7.152 12.756 12.128 15.797 17.749 21.622 19.717 19.842 17.740 18.416 13.072 13.281  8.082  9.099 10.915  9.659 13.526 15.099 14.340 15.883 13.428 13.560 16.041 11.668 15.876 13.219 15.694 16.453 16.177 12.083  8.636  4.683  7.261  4.707  9.071 12.520 16.991 18.496 17.621 19.891 16.380 12.868 16.345 17.278 12.448 10.726 15.021 
17.824 15.653 13.666 11.510 11.017  8.576  5.439  0.000  5.243  6.056 10.009 10.923 14.699 17.046 19.796 18.479 17.347 16.921 17.127 12.841 13.472  7.803 10.530  9.243  9.792 11.281 13.345 14.212 15.542 13.689 11.493 13.995  9.139 13.147 12.529 14.390 16.368 16.669 13.202  9.505  7.874 11.779  7.552 10.754 14.310 18.248 19.621 17.898 21.451 18.704 14.343 17.900 20.226 16.047 13.407 17.156 
17.842 16.827 15.839 12.077 11.294 11.342  8.071  5.243  0.000  5.914  7.491  9.900 14.339 14.965 17.235 14.787 13.139 12.422 11.939  8.128  9.056  4.251  9.178  7.807 11.273 12.106 11.992 13.508 13.227 10.371  7.786  8.979  3.964  8.638  8.484 11.288 13.352 14.996 12.509  8.927  8.591 11.563  6.789  7.854 10.754 13.975 15.328 13.741 17.734 15.339 11.066 15.197 17.844 14.499 12.282 15.790 
18.737 18.105 15.422 11.756 13.354 12.572  7.152  6.056  5.914  0.000  5.934  5.222  9.362 11.187 14.597 13.370 13.635 12.594 14.609  9.951 12.862  8.439 12.900 13.127 14.784 16.720 17.511 18.327 18.499 15.079 13.597 13.845  8.236 10.346  8.031  9.071 10.664 10.617  7.379  3.840  5.185  9.861  7.811  7.578 12.925 15.348 18.256 18.101 21.123 17.536 14.516 19.176 20.346 16.191 15.190 19.436 
23.386 23.116 21.047 16.890 17.846 17.645 12.756 10.009  7.491  5.934  0.000  4.606  8.216  8.581 10.022  9.171  8.278  9.457 11.813  9.346 13.495 10.721 16.197 15.125 18.553 19.021 19.000 20.932 20.123 16.613 13.859 12.223  7.039  5.781  6.220  5.304  8.649 10.093  9.321  7.532 10.725 14.648 12.238 10.097 14.712 15.406 18.602 18.526 22.221 19.297 16.505 21.311 23.070 19.815 18.843 22.603 
22.828 22.844 19.898 15.935 18.173 17.728 12.128 10.923  9.900  5.222  4.606  0.000  4.568  6.336  9.809  9.859 11.314 11.020 14.724 11.139 15.592 12.519 17.525 17.652 19.936 21.449 21.892 23.092 22.693 18.830 17.123 15.844 10.506  9.785  7.458  5.580  7.420  6.718  5.286  4.715  8.927 13.056 12.372  9.971 15.598 16.254 20.175 20.896 23.774 20.038 17.945 22.952 23.699 19.905 19.642 23.853 
26.560 26.645 23.185 19.589 22.321 21.486 15.797 14.699 14.339  9.362  8.216  4.568  0.000  5.595  8.644 11.027 13.372 13.809 18.270 15.246 19.995 17.077 21.981 22.081 24.074 25.538 26.300 27.549 27.254 23.379 21.584 20.042 14.853 13.164 11.228  7.796  9.028  6.604  6.745  8.235 12.425 16.457 16.610 14.090 19.789 19.850 24.183 25.271 27.957 24.042 22.358 27.410 27.821 23.955 23.974 28.272 
26.500 27.494 24.701 20.199 22.898 23.374 17.749 17.046 14.965 11.187  8.581  6.336  5.595  0.000  5.317  6.162 10.193  9.640 14.921 12.835 18.153 16.862 22.016 22.585 25.515 26.996 26.641 27.915 26.735 22.315 21.055 18.288 14.153 11.286  8.692  4.602  4.483  3.861  7.173  9.281 13.797 16.603 17.045 12.913 17.866 16.436 21.204 23.108 25.412 21.659 20.907 26.065 26.136 23.039 23.732 27.759 
30.838 31.632 29.180 24.609 26.635 27.022 21.622 19.796 17.235 14.597 10.022  9.809  8.644  5.317  0.000  5.767  8.360 10.619 15.346 15.153 20.446 19.614 25.113 24.686 28.389 28.921 28.347 30.328 28.789 24.662 22.492 19.036 15.624 11.235 11.211  6.653  8.104  9.119 12.303 13.733 18.198 21.268 20.787 16.727 21.046 19.045 23.466 25.014 27.888 24.818 23.809 28.830 29.576 26.931 27.212 30.930 
27.060 28.387 26.661 21.581 23.307 24.744 19.717 18.479 14.787 13.370  9.171  9.859 11.027  6.162  5.767  0.000  5.468  5.050 10.191 10.424 15.702 16.125 21.431 21.593 25.743 26.552 25.092 26.808 24.708 20.260 18.857 14.829 12.416  8.176  7.135  4.397  4.868  8.562 11.488 12.298 16.264 18.294 17.713 12.944 16.259 13.572 17.972 19.929 22.495 19.651 19.140 24.057 24.653 22.613 23.236 26.631 
27.853 28.529 27.396 22.488 23.020 24.223 19.842 17.347 13.139 13.635  8.278 11.314 13.372 10.193  8.360  5.468  0.000  6.138  8.132 10.143 14.559 14.966 20.388 19.193 24.109 23.810 22.143 24.624 22.341 18.591 15.919 11.619 10.023  4.668  7.915  6.634  9.195 12.894 14.618 14.080 17.472 19.952 17.768 13.969 16.491 14.572 17.715 18.342 22.000 20.128 18.502 23.021 24.878 23.135 22.767 25.710 
23.419 24.983 24.038 18.711 19.841 22.109 17.740 16.921 12.422 12.594  9.457 11.020 13.809  9.640 10.619  5.050  6.138  0.000  5.681  6.089 11.045 12.647 17.578 18.148 22.609 23.573 21.405 22.873 20.364 15.759 15.050 10.780  9.515  6.593  4.639  6.106  6.094 10.568 12.144 11.835 14.746 15.838 14.750  9.838 11.797  8.917 12.980 14.980 17.503 14.978 14.557 19.304 20.048 18.529 19.187 22.211 
22.783 24.091 24.294 19.114 18.768 21.567 18.416 17.127 11.939 14.609 11.813 14.724 18.270 14.921 15.346 10.191  8.132  5.681  0.000  5.795  8.101 11.332 15.573 15.433 20.739 20.946 17.798 19.632 16.410 12.323 11.390  6.282  8.223  6.864  7.679 10.713 11.513 15.802 16.416 14.971 16.669 17.276 14.755 11.059 10.513  8.299  9.989 10.708 14.171 13.208 12.055 15.991 17.954 17.432 17.349 19.440 
17.961 19.202 18.814 13.550 13.947 16.648 13.072 12.841  8.128  9.951  9.346 11.139 15.246 12.835 15.153 10.424 10.143  6.089  5.795  0.000  5.419  6.925 11.515 12.697 16.903 18.382 16.110 17.041 14.779  9.998 10.133  7.330  5.833  7.233  4.227  8.869  9.178 12.561 11.917  9.968 11.052 11.524  9.342  5.275  6.385  6.432  9.303 10.287 13.195 10.451  8.767 13.713 14.923 13.025 13.160 16.251 
15.236 16.330 17.392 12.586 11.222 14.954 13.281 13.472  9.056 12.862 13.495 15.592 19.995 18.153 20.446 15.702 14.559 11.045  8.101  5.419  0.000  5.735  7.930  9.676 14.035 15.560 12.277 12.663  9.826  4.847  7.087  6.155  7.501 11.040  9.515 14.156 14.508 17.579 16.185 13.578 12.885 12.141  8.841  7.542  4.182  7.158  6.419  5.344  8.958  7.485  4.109  8.514 10.940  9.971  9.318 11.448 
14.362 13.957 13.911  9.652  8.281 10.253  8.082  7.803  4.251  8.439 10.721 12.519 17.077 16.862 19.614 16.125 14.966 12.647 11.332  6.925  5.735  0.000  5.607  6.524 10.004 11.970 10.634 11.110 10.323  6.660  6.460  8.184  5.496 10.610  9.129 13.146 14.239 16.211 13.677 10.229  8.736  9.672  4.572  6.193  7.070 11.342 11.887 10.277 13.796 11.412  6.893 11.105 13.611 10.512  8.414 11.904 
10.488  9.450 11.205  8.267  4.208  7.927  9.099 10.530  9.178 12.900 16.197 17.525 21.981 22.016 25.113 21.431 20.388 17.578 15.573 11.515  7.930  5.607  0.000  5.847  6.822 10.351  8.785  7.008  7.326  5.280  8.044 11.668 10.828 16.052 14.358 18.557 19.181 20.824 17.823 14.406 11.373 10.454  5.967  9.875  8.216 13.729 12.527 10.027 12.458 10.792  5.877  7.690 10.586  7.588  3.552  6.762 
16.134 14.058 15.381 13.064  9.131  9.816 10.915  9.243  7.807 13.127 15.125 17.652 22.081 22.585 24.686 21.593 19.193 18.148 15.433 12.697  9.676  6.524  5.847  0.000  6.115  5.897  4.455  6.016  6.632  6.965  4.773  9.944  9.315 14.570 15.051 18.669 20.376 22.334 19.584 15.873 13.742 14.761  9.205 12.666 12.027 16.649 15.391 11.604 15.801 15.185  9.762 11.222 15.641 13.349  9.210 10.837 
13.856 10.137 11.484 11.454  7.071  5.506  9.659  9.792 11.273 14.784 18.553 19.936 24.074 25.515 28.389 25.743 24.109 22.609 20.739 16.903 14.035 10.004  6.822  6.115  0.000  5.628  7.848  6.155  9.796 10.891 10.822 15.802 14.128 19.473 18.852 22.265 23.614 24.604 21.031 17.295 13.866 14.463  9.836 15.006 14.882 20.286 19.173 15.895 18.786 17.568 12.621 13.195 16.524 13.347  8.878 10.562 
19.111 15.630 17.034 16.508 12.189 10.646 13.526 11.281 12.106 16.720 19.021 21.449 25.538 26.996 28.921 26.552 23.810 23.573 20.946 18.382 15.560 11.970 10.351  5.897  5.628  0.000  5.344  6.856  9.873 12.333  9.884 15.139 14.251 19.190 20.247 23.320 25.383 26.866 23.739 19.919 17.421 18.914 13.582 17.911 17.710 22.524 21.065 16.901 20.890 20.604 15.232 15.573 20.118 17.734 13.114 13.898 
18.333 16.020 18.369 16.666 12.031 12.872 15.099 13.345 11.992 17.511 19.000 21.892 26.300 26.641 28.347 25.092 22.143 21.405 17.798 16.110 12.277 10.634  8.785  4.455  7.848  5.344  0.000  4.496  5.131  8.480  6.476 11.739 12.808 17.671 18.849 22.524 24.314 26.568 23.980 20.297 18.143 18.768 13.390 16.714 15.000 19.403 17.068 12.366 16.602 17.276 12.023 11.688 16.975 15.770 11.379 11.210 
14.748 12.253 15.449 14.448  9.319 10.917 14.340 14.212 13.508 18.327 20.932 23.092 27.549 27.915 30.328 26.808 24.624 22.873 19.632 17.041 12.663 11.110  7.008  6.016  6.155  6.856  4.496  0.000  4.564  8.135  9.082 14.172 14.884 20.115 20.053 24.079 25.302 27.220 24.258 20.621 17.662 17.269 12.551 16.567 14.266 19.321 16.693 12.394 15.353 15.824 10.929  9.513 14.283 13.060  8.471  7.558 
15.675 14.602 17.788 15.469 10.891 13.836 15.883 15.542 13.227 18.499 20.123 22.693 27.254 26.735 28.789 24.708 22.341 20.364 16.410 14.779  9.826 10.323  7.326  6.632  9.796  9.873  5.131  4.564  0.000  5.148  6.922 11.098 13.368 18.139 18.324 22.607 23.689 26.252 23.906 20.498 18.219 17.519 12.890 15.498 12.105 16.415 13.142  8.329 11.847 13.235  8.565  6.873 12.498 12.465  8.713  7.380 
13.755 13.927 16.182 12.495  9.223 13.118 13.428 13.689 10.371 15.079 16.613 18.830 23.379 22.315 24.662 20.260 18.591 15.759 12.323  9.998  4.847  6.660  5.280  6.965 10.891 12.333  8.480  8.135  5.148  0.000  5.755  8.189 10.015 14.592 13.783 18.307 18.960 21.631 19.567 16.456 14.609 13.604  9.439 10.796  7.049 11.391  8.828  5.028  8.852  8.894  3.809  5.311  9.831  9.242  6.729  7.571 
18.310 17.389 18.731 15.267 12.088 13.897 13.560 11.493  7.786 13.597 13.859 17.123 21.584 21.055 22.492 18.857 15.919 15.050 11.390 10.133  7.087  6.460  8.044  4.773 10.822  9.884  6.476  9.082  6.922  5.755  0.000  5.414  7.003 11.571 12.941 16.705 18.482 21.275 19.392 16.031 15.036 15.962 10.717 12.051 10.711 14.078 12.673  8.753 13.850 13.838  8.828 10.891 15.547 14.231 11.082 12.400 
20.844 21.015 21.879 17.437 15.530 17.885 16.041 13.995  8.979 13.845 12.223 15.844 20.042 18.288 19.036 14.829 11.619 10.780  6.282  7.330  6.155  8.184 11.668  9.944 15.802 15.139 11.739 14.172 11.098  8.189  5.414  0.000  5.760  8.035 10.132 13.725 15.406 18.995 18.227 15.571 15.959 16.893 12.629 11.415 10.194 11.256 10.716  8.292 13.394 13.302  9.805 12.913 16.636 15.885 14.164 15.758 
19.709 19.416 18.939 14.564 13.737 14.842 11.668  9.139  3.964  8.236  7.039 10.506 14.853 14.153 15.624 12.416 10.023  9.515  8.223  5.833  7.501  5.496 10.828  9.315 14.128 14.251 12.808 14.884 13.368 10.015  7.003  5.760  0.000  5.412  6.660  9.812 12.026 14.759 13.380 10.427 11.220 13.518  9.268  8.195 10.133 12.009 13.408 12.045 16.423 14.542 10.764 15.056 17.891 15.456 13.741 16.748 
24.200 24.414 23.505 18.813 18.805 19.856 15.876 13.147  8.638 10.346  5.781  9.785 13.164 11.286 11.235  8.176  4.668  6.593  6.864  7.233 11.040 10.610 16.052 14.570 19.473 19.190 17.671 20.115 18.139 14.592 11.571  8.035  5.412  0.000  5.829  6.787  9.704 13.114 13.364 11.661 14.221 16.833 13.772 10.889 13.383 12.988 15.485 15.219 19.346 17.470 14.890 19.364 21.713 19.651 18.691 21.663 
20.378 21.381 19.985 14.872 16.194 17.868 13.219 12.529  8.484  8.031  6.220  7.458 11.228  8.692 11.211  7.135  7.915  4.639  7.679  4.227  9.515  9.129 14.358 15.051 18.852 20.247 18.849 20.053 18.324 13.783 12.941 10.132  6.660  5.829  0.000  4.710  5.542  8.878  8.809  7.542 10.282 12.093 10.682  6.187  9.960  9.391 13.264 14.491 17.298 14.105 12.620 17.695 18.569 16.010 16.213 19.792 
24.345 25.149 23.053 18.266 20.087 20.917 15.694 14.390 11.288  9.071  5.304  5.580  7.796  4.602  6.653  4.397  6.634  6.106 10.713  8.869 14.156 13.146 18.557 18.669 22.265 23.320 22.524 24.079 22.607 18.307 16.705 13.725  9.812  6.787  4.710  0.000  3.817  6.548  8.057  8.249 12.340 15.118 14.286 10.148 14.591 13.443 17.699 19.044 21.894 18.631 17.304 22.382 23.155 20.362 20.565 24.323 
23.445 24.959 22.786 17.780 20.306 21.743 16.453 16.368 13.352 10.664  8.649  7.420  9.028  4.483  8.104  4.868  9.195  6.094 11.513  9.178 14.508 14.239 19.181 20.376 23.614 25.383 24.314 25.302 23.689 18.960 18.482 15.406 12.026  9.704  5.542  3.817  0.000  4.510  7.118  8.484 12.428 14.148 14.648  9.700 13.959 12.014 16.912 19.247 21.181 17.459 17.214 22.332 22.160 19.509 20.589 24.394 
23.907 25.238 22.210 17.768 21.122 21.834 16.177 16.669 14.996 10.617 10.093  6.718  6.604  3.861  9.119  8.562 12.894 10.568 15.802 12.561 17.579 16.211 20.824 22.334 24.604 26.866 26.568 27.220 26.252 21.631 21.275 18.995 14.759 13.114  8.878  6.548  4.510  0.000  4.453  7.592 11.754 13.900 15.471 11.288 16.434 15.317 20.269 22.585 24.228 19.976 19.701 24.835 24.189 20.854 22.069 26.252 
20.615 21.460 18.091 14.030 17.580 17.793 12.083 13.202 12.509  7.379  9.321  5.286  6.745  7.173 12.303 11.488 14.618 12.144 16.416 11.917 16.185 13.677 17.823 19.584 21.031 23.739 23.980 24.258 23.906 19.567 19.392 18.227 13.380 13.364  8.809  8.057  7.118  4.453  0.000  3.823  7.629 10.376 12.070  9.055 14.796 15.251 19.675 21.398 23.110 18.646 17.710 22.720 22.161 18.185 19.052 23.459 
18.358 18.628 15.562 11.455 14.348 14.348  8.636  9.505  8.927  3.840  7.532  4.715  8.235  9.281 13.733 12.298 14.080 11.835 14.971  9.968 13.578 10.229 14.406 15.873 17.295 19.919 20.297 20.621 20.498 16.456 16.031 15.571 10.427 11.661  7.542  8.249  8.484  7.592  3.823  0.000  4.551  8.402  8.682  6.695 12.609 14.237 17.952 18.873 21.070 16.878 15.008 19.918 20.027 15.851 15.985 20.403 
14.426 14.248 11.035  7.254 10.384 10.214  4.683  7.874  8.591  5.185 10.725  8.927 12.425 13.797 18.198 16.264 17.472 14.746 16.669 11.052 12.885  8.736 11.373 13.742 13.866 17.421 18.143 17.662 18.219 14.609 15.036 15.959 11.220 14.221 10.282 12.340 12.428 11.754  7.629  4.551  0.000  5.121  5.442  6.406 11.430 14.686 17.431 17.815 19.666 15.447 13.125 17.503 17.494 12.773 12.595 17.141 
10.251 11.572  9.038  4.130  8.683 10.708  7.261 11.779 11.563  9.861 14.648 13.056 16.457 16.603 21.268 18.294 19.952 15.838 17.276 11.524 12.141  9.672 10.454 14.761 14.463 18.914 18.768 17.269 17.519 13.604 15.962 16.893 13.518 16.833 12.093 15.118 14.148 13.900 10.376  8.402  5.121  0.000  5.653  6.321  9.245 12.838 15.157 16.284 16.761 12.115 11.084 14.999 13.581  8.784 10.184 14.591 
11.369 10.996  9.829  5.359  5.888  7.659  4.707  7.552  6.789  7.811 12.238 12.372 16.610 17.045 20.787 17.713 17.768 14.750 14.755  9.342  8.841  4.572  5.967  9.205  9.836 13.582 13.390 12.551 12.890  9.439 10.717 12.629  9.268 13.772 10.682 14.286 14.648 15.471 12.070  8.682  5.442  5.653  0.000  5.560  7.842 12.602 13.795 13.181 15.295 11.795  8.319 12.316 13.223  8.783  7.501 11.938 
14.261 15.505 14.222  8.879 10.739 13.189  9.071 10.754  7.854  7.578 10.097  9.971 14.090 12.913 16.727 12.944 13.969  9.838 11.059  5.275  7.542  6.193  9.875 12.666 15.006 17.911 16.714 16.567 15.498 10.796 12.051 11.415  8.195 10.889  6.187 10.148  9.700 11.288  9.055  6.695  6.406  6.321  5.560  0.000  5.923  8.368 11.418 12.592 14.381 10.266  8.664 13.729 13.760 10.303 10.952 14.993 
12.388 14.505 15.245 10.094 10.084 14.463 12.520 14.310 10.754 12.925 14.712 15.598 19.789 17.866 21.046 16.259 16.491 11.797 10.513  6.385  4.182  7.070  8.216 12.027 14.882 17.710 15.000 14.266 12.105  7.049 10.711 10.194 10.133 13.383  9.960 14.591 13.959 16.434 14.796 12.609 11.430  9.245  7.842  5.923  0.000  5.655  6.128  7.524  8.473  4.719  3.750  8.593  8.623  6.995  8.235 11.032 
17.092 19.890 20.268 14.884 15.685 19.827 16.991 18.248 13.975 15.348 15.406 16.254 19.850 16.436 19.045 13.572 14.572  8.917  8.299  6.432  7.158 11.342 13.729 16.649 20.286 22.524 19.403 19.321 16.415 11.391 14.078 11.256 12.009 12.988  9.391 13.443 12.014 15.317 15.251 14.237 14.686 12.838 12.602  8.368  5.655  0.000  5.302  9.450  9.594  6.578  8.669 12.679 11.934 11.758 13.799 16.039 
16.310 18.970 20.710 15.872 15.095 19.865 18.496 19.621 15.328 18.256 18.602 20.175 24.183 21.204 23.466 17.972 17.715 12.980  9.989  9.303  6.419 11.887 12.527 15.391 19.173 21.065 17.068 16.693 13.142  8.828 12.673 10.716 13.408 15.485 13.264 17.699 16.912 20.269 19.675 17.952 17.431 15.157 13.795 11.418  6.128  5.302  0.000  5.253  4.635  4.594  6.686  8.803  9.029 10.763 12.202 12.964 
16.369 17.743 20.159 15.956 13.532 17.922 17.621 17.898 13.741 18.101 18.526 20.896 25.271 23.108 25.014 19.929 18.342 14.980 10.708 10.287  5.344 10.277 10.027 11.604 15.895 16.901 12.366 12.394  8.329  5.028  8.753  8.292 12.045 15.219 14.491 19.044 19.247 22.585 21.398 18.873 17.815 16.284 13.181 12.592  7.524  9.450  5.253  0.000  5.461  7.495  5.459  6.073  9.649 11.150 10.465 10.332 
14.920 17.643 20.464 16.429 14.762 19.959 19.891 21.451 17.734 21.123 22.221 23.774 27.957 25.412 27.888 22.495 22.000 17.503 14.171 13.195  8.958 13.796 12.458 15.801 18.786 20.890 16.602 15.353 11.847  8.852 13.850 13.394 16.423 19.346 17.298 21.894 21.181 24.228 23.110 21.070 19.666 16.761 15.295 14.381  8.473  9.594  4.635  5.461  0.000  5.123  7.168  6.168  6.323  9.964 11.248 10.442 
12.035 15.296 17.044 12.453 12.224 17.378 16.380 18.704 15.339 17.536 19.297 20.038 24.042 21.659 24.818 19.651 20.128 14.978 13.208 10.451  7.485 11.412 10.792 15.185 17.568 20.604 17.276 15.824 13.235  8.894 13.838 13.302 14.542 17.470 14.105 18.631 17.459 19.976 18.646 16.878 15.447 12.115 11.795 10.266  4.719  6.578  4.594  7.495  5.123  0.000  5.427  7.514  5.371  6.666  9.395 10.615 
11.584 13.003 14.872 10.510  8.605 13.332 12.868 14.343 11.066 14.516 16.505 17.945 22.358 20.907 23.809 19.140 18.502 14.557 12.055  8.767  4.109  6.893  5.877  9.762 12.621 15.232 12.023 10.929  8.565  3.809  8.828  9.805 10.764 14.890 12.620 17.304 17.214 19.701 17.710 15.008 13.125 11.084  8.319  8.664  3.750  8.669  6.686  5.459  7.168  5.427  0.000  5.165  7.220  6.319  5.853  7.749 
11.639 12.863 16.361 13.312 10.060 15.024 16.345 17.900 15.197 19.176 21.311 22.952 27.410 26.065 28.830 24.057 23.021 19.304 15.991 13.713  8.514 11.105  7.690 11.222 13.195 15.573 11.688  9.513  6.873  5.311 10.891 12.913 15.056 19.364 17.695 22.382 22.332 24.835 22.720 19.918 17.503 14.999 12.316 13.729  8.593 12.679  8.803  6.073  6.168  7.514  5.165  0.000  5.786  7.562  6.390  4.584 
 8.971 12.395 15.502 12.346 11.085 16.560 17.278 20.226 17.844 20.346 23.070 23.699 27.821 26.136 29.576 24.653 24.878 20.048 17.954 14.923 10.940 13.611 10.586 15.641 16.524 20.118 16.975 14.283 12.498  9.831 15.547 16.636 17.891 21.713 18.569 23.155 22.160 24.189 22.161 20.027 17.494 13.581 13.223 13.760  8.623 11.934  9.029  9.649  6.323  5.371  7.220  5.786  0.000  5.159  7.810  7.312 
 5.618  8.734 10.751  7.187  6.815 12.135 12.448 16.047 14.499 16.191 19.815 19.905 23.955 23.039 26.931 22.613 23.135 18.529 17.432 13.025  9.971 10.512  7.588 13.349 13.347 17.734 15.770 13.060 12.465  9.242 14.231 15.885 15.456 19.651 16.010 20.362 19.509 20.854 18.185 15.851 12.773  8.784  8.783 10.303  6.995 11.758 10.763 11.150  9.964  6.666  6.319  7.562  5.159  0.000  4.734  7.264 
 7.349  7.340 10.118  7.484  3.730  9.021 10.726 13.407 12.282 15.190 18.843 19.642 23.974 23.732 27.212 23.236 22.767 19.187 17.349 13.160  9.318  8.414  3.552  9.210  8.878 13.114 11.379  8.471  8.713  6.729 11.082 14.164 13.741 18.691 16.213 20.565 20.589 22.069 19.052 15.985 12.595 10.184  7.501 10.952  8.235 13.799 12.202 10.465 11.248  9.395  5.853  6.390  7.810  4.734  0.000  4.563 
 9.119  9.098 13.375 11.773  7.651 12.271 15.021 17.156 15.790 19.436 22.603 23.853 28.272 27.759 30.930 26.631 25.710 22.211 19.440 16.251 11.448 11.904  6.762 10.837 10.562 13.898 11.210  7.558  7.380  7.571 12.400 15.758 16.748 21.663 19.792 24.323 24.394 26.252 23.459 20.403 17.141 14.591 11.938 14.993 11.032 16.039 12.964 10.332 10.442 10.615  7.749  4.584  7.312  7.264  4.563  0.000 
